106
236
255
213
110
162
40
199
104
219
247
122
160
20
275
202
88
72
286
190
103
260
69
150
225
279
90
267
4
27
73
93
114
29
289
163
190
93
48
236
65
215
80
281
161
132
242
155
234
72
125
199
67
3
289
180
12
196
88
167
108
162
8
190
190
74
197
286
115
236
130
64
166
102
289
243
145
137
22
161
26
204
12
280
178
120
209
215
47
9
49
76
27
247
131
101
263
189
114
200
57
150
122
249
11
256
268
198
184
165
16
27
263
121
118
253
225
285
178
145
12
261
132
267
12
122
133
37
230
264
210
255
220
245
216
24
151
39
30
201
16
202
91
82
30
221
217
236
190
38
123
77
16
230
245
29
49
181
128
4
157
157
46
86
215
273
43
141
155
70
130
28
247
52
157
158
62
113
94
222
196
231
64
116
44
163
178
202
152
82
15
40
216
235
74
88
262
80
37
108
43
75
43
190
142
28
108
128
251
21
92
192
247
136
168
228
45
228
12
110
224
13
199
193
114
245
72
11
224
275
217
286
169
34
42
105
162
220
92
104
115
48
45
16
33
17
200
243
256
37
155
223
260
274
263
173
64
226
246
265
153
181
50
183
170
36
251
48
211
159
182
106
260
18
246
266
65
238
119
160
187
194
45
28
163
219
212
261
209
166
295
45
261
218
239
157
147
120
197
264
255
171
71
135
143
144
2
4
278
56
133
112
35
102
67
296
174
107
268
71
143
46
265
191
33
200
273
207
189
150
130
295
137
279
263
64
8
240
152
35
15
5
214
104
221
169
98
211
236
184
277
170
106
152
8
26
288
169
67
251
256
258
28
133
231
256
116
154
33
286
284
157
42
122
13
235
153
202
234
276
292
252
238
167
247
61
261
172
127
65
296
149
161
204
63
245
118
156
121
229
225
131
31
232
163
144
274
209
94
275
294
127
238
288
19
254
150
155
39
6
251
187
83
64
166
273
297
211
209
12
162
261
102
115
56
42
79
150
155
130
76
99
198
157
255
155
159
182
214
30
158
100
287
7
118
56
96
233
41
30
15
142
49
248
62
3
256
136
120
142
277
159
96
279
279
243
250
289
269
30
148
114
58
21
288
185
256
114
160
153
62
108
67
259
149
140
91
150
92
15
85
58
131
31
272
22
15
51
233
207
212
265
48
67
136
13
161
229
183
258
177
270
241
47
59
237
201
94
277
86
118
110
216
18
203
294
82
299
81
111
76
22
154
5
288
129
225
235
214
84
4
218
258
117
33
259
161
51
92
190
96
151
64
134
104
107
143
85
216
119
2
48
21
50
151
254
137
32
290
213
166
53
246
65
138
36
1
281
48
235
238
100
285
211
224
174
162
114
102
298
44
242
62
217
287
70
79
84
210
290
83
163
127
42
173
62
52
212
229
117
229
130
247
66
263
45
217
121
168
57
67
35
228
263
156
128
37
218
82
148
235
244
169
108
298
200
208
129
22
152
11
131
174
172
89
256
101
208
275
48
208
91
155
148
226
130
22
112
120
74
109
172
192
145
130
246
59
295
120
123
118
168
183
5
289
232
86
197
68
20
231
205
203
2
109
76
284
241
202
215
192
117
191
125
290
118
232
197
298
282
6
251
214
47
259
79
0
233
157
166
116
274
194
60
69
89
271
111
229
297
69
231
92
262
172
229
199
154
100
275
151
69
251
85
15
277
210
13
106
141
163
228
111
129
71
285
203
71
126
102
80
66
72
125
234
59
141
248
261
116
219
42
215
294
231
131
69
77
297
79
263
213
126
194
196
274
163
128
233
277
103
209
199
134
28
210
21
161
66
131
295
29
53
231
49
107
87
234
253
253
218
96
269
277
261
130
165
209
28
21
224
8
281
274
101
2
170
216
231
62
65
230
274
1
121
155
296
84
230
127
106
156
64
254
98
200
106
140
13
52
217
137
182
131
263
242
154
133
100
142
109
70
157
71
213
99
151
94
166
261
128
98
168
185
170
252
240
77
151
165
107
74
97
69
224
275
159
249
65
231
255
164
19
204
153
276
55
65
84
268
186
15
9
115
59
34
125
181
0
279
40
201
104
230
59
120
275
150
213
24
129
292
96
274
110
22
95
158
122
287
14
82
123
280
5
101
281
77
50
80
230
210
121
88
98
164
97
253
222
178
85
218
231
67
159
43
219
59
299
219
106
273
182
229
270
224
203
32
237
227
94
296
73
142
125
56
109
280
74
82
186
154
140
25
224
47
5
66
203
114
154
137
53
214
214
262
201
282
188
220